-3.892033815131609176e-01 2.981125576877565186e-01 -1.671832433649757810e-01 -1.450849475366778885e+00 -3.578957091764097265e-01 4.935322634194659885e-01
2.344607621680654726e-03 6.749649815033720301e-01 6.381592137311047352e-01 6.413178064826878799e-01 -5.657341299361839937e-01 4.564910242473791957e-01
-2.808518744365172126e-01 6.778729638771739952e-01 4.191721371102317129e-01 6.529298666944087781e-01 -3.320720915993391475e-01 -1.862322342980341494e+00
5.205747586535489635e-01 -7.120333704801633523e-01 7.275645514937956193e-01 4.844319321648101195e-01 3.911149434616286169e-01 -1.862322342980341494e+00
-7.277931219787721062e-01 2.102614404295338191e-01 -1.194181936586723447e+00 5.867398920983348809e-01 -2.624413356047360923e-01 4.472900244609551157e-01
1.785464270632396433e+00 1.466932478117717598e-01 9.686357548949710017e-01 6.345198958417520574e-01 2.713695564115633507e-01 3.320004937089213737e-01
1.318859698521493540e+00 -1.904517188269637118e-01 -1.329136531138666033e+00 6.065412434103919503e-01 6.993093102029215857e-02 2.166654659044994213e-01
-2.895006058298805196e-01 1.077460999898938454e-01 -6.367643441682726557e-01 -1.083876420521372674e+00 1.422701589224844854e-01 -1.862322342980341494e+00
-4.510456750810634130e-01 -2.282205804300971419e+00 -6.768741812065576235e-01 -8.141213654072145811e-01 -7.951741956247991849e-01 -6.383833429299299450e-03
1.509221789023374782e+00 -7.754333626860488993e-01 1.112968058145779704e+00 -1.136617151957073801e+00 -8.272982541586371141e-01 -8.141899850383995663e-01
-9.038091169711992556e-02 2.863725019625606993e-01 -3.298137081569826878e-01 -1.381736821237443014e+00 1.663449461097431969e+00 1.569816053623508401e-01
-4.796666273455030827e-01 -8.209219707392457765e-01 7.549196682442179673e-01 4.312614833186111940e-01 -1.301244726915630999e-02 3.163596181434213395e-01
-5.481362465385081206e-01 5.160633021578688862e-01 -2.585554715160507527e-02 5.206779633530981277e-01 1.488699606716213930e+00 7.383209136663012595e-01
